[f 0 cx; 0 f cy; 0 0 1] f in px 
cam0=[2945.377 0 1284.862; 0 2945.377 954.52; 0 0 1]
cam1=[2945.377 0 1455.543; 0 2945.377 954.52; 0 0 1]
doffs=170.681
baseline=178.232 mm
width=2864 px
height=1924 px 
ndisp=260
isint=0
vmin=32
vmax=224
dyavg=0
dymax=0